1
Não há determinante.
2
Não há determinante.
3
Não há determinante.
4
Não há determinante.
5
Não há determinante.
6
Não há determinante.
7
Não há determinante.
8
Não há determinante.
9
Não há determinante.
10
Não há determinante.
11
291.151603 -827.599066 -204.141839 1122.611477 504.622688 -849.783933 -367.884401 565.275238 -239.615531 433.669458 -576.791895 149.545969 
 41.820215 -89.401194 -17.290280 70.805004 83.065491 -109.290462 1.533145 -8.581525 7.381610 2.539959 -19.542554 36.980003 
 -19.673094 103.981673 48.741173 -246.042379 -19.000098 61.325964 147.462460 -220.209663 115.910868 -188.215085 179.823720 35.505143 
 -2.151349 60.851238 45.123972 -217.730463 11.705935 26.820309 151.428024 -242.713850 124.514625 -179.067650 172.759871 48.103622 
 19.832614 -161.990403 -68.029335 421.132843 13.236247 -96.724129 -267.773202 422.062891 -216.879232 331.371020 -317.503504 -78.042249 
 -12.087973 1.016127 -21.061136 78.616929 -24.148208 5.222389 -59.972089 105.449823 -55.755036 72.030816 -64.067604 -25.092769 
 -27.177634 76.293980 12.112106 -88.032874 -51.812481 76.146814 30.550533 -56.178075 22.955707 -28.923645 41.977399 -8.006108 
 -15.411671 51.706408 13.412171 -84.544478 -21.236177 37.473897 48.689134 -66.581961 33.626816 -51.436961 46.138408 8.052438 
 -60.328462 172.441318 52.948053 -254.410631 -107.058643 184.286711 91.957333 -146.610778 59.329645 -114.815570 147.805278 -25.812867 
 21.972956 -101.384907 -68.026166 285.069503 14.192019 -64.011328 -178.314306 284.155203 -136.704690 214.704424 -210.402354 -60.790595 
 -42.914903 120.043280 36.433489 -169.629061 -82.616531 127.087894 56.984099 -79.583511 36.500755 -67.969845 81.415300 -15.912746 
 2.293445 -112.067603 -86.423000 404.008376 -14.110265 -43.166191 -294.224954 456.338215 -229.346228 334.976129 -319.101805 -98.458606 
 
 12
117.173307 88.518918 -409.263184 -6.424230 66.627510 302.692202 -501.683276 256.988648 -343.216079 318.727306 149.051695 -39.993583 
 46.303311 24.746706 -149.229258 9.660117 22.340357 97.852924 -161.836511 78.712469 -109.049742 109.087361 36.909007 -5.744568 
 40.143469 28.966106 -142.533714 15.531307 -0.595894 102.151645 -148.115350 82.355357 -135.720983 119.313550 35.538541 2.702364 
 53.870217 42.961471 -206.411283 15.482114 20.048850 146.473064 -234.829984 120.845165 -173.327162 166.142787 48.107274 0.295517 
 -97.634564 -48.093921 316.784873 -21.575157 -34.300175 -222.094982 349.383998 -183.051635 278.451267 -256.502683 -78.075918 -2.724276 
 -38.208739 -33.211766 142.216988 -2.930667 -32.824994 -87.812951 149.747588 -76.372947 104.285391 -101.247587 -25.072248 1.660445 
 -11.896082 -15.206400 54.960428 -4.108652 -9.395889 -32.044643 43.417490 -23.399960 43.594970 -41.615111 -7.959970 3.733213 
 1.696307 -2.079385 -3.457002 5.815321 -11.034961 13.193173 -10.104121 7.339823 -10.313696 -1.264550 8.078602 2.117000 
 -23.321521 -7.693116 63.003533 -1.166474 -5.599563 -46.990400 74.469806 -43.569897 46.160050 -37.751991 -25.710450 8.286924 
 -30.083764 -45.939315 169.460264 -24.376244 5.149440 -127.706477 203.632779 -99.226408 156.073553 -142.818304 -60.827898 -3.018281 
 -19.213431 -6.703859 56.164825 -7.289696 -7.988497 -41.856949 77.683082 -36.697262 46.540833 -50.581636 -15.839891 5.894938 
 -104.625490 -84.117667 391.941570 -18.135858 -35.947481 -288.942722 447.933623 -225.434403 328.856486 -312.047666 -98.462499 -0.315035 
 
 13
-67.934254 124.548286 -0.260547 -91.849328 6.406058 53.327872 2.894434 -16.260532 11.330106 38.273478 54.999018 -115.425400 
 -37.078808 61.716724 12.095816 -40.284847 -19.230307 57.486936 -21.697801 20.153100 -12.386620 -6.867159 31.793605 -45.612591 
 -24.634610 40.349612 17.642979 -54.889916 0.644280 42.030967 -4.697090 -23.706308 13.999547 -2.413976 35.246743 -39.544638 
 -28.967594 39.007582 18.315856 -52.810592 10.256041 20.335395 4.025807 -23.009937 24.817477 -2.822812 43.968194 -53.066621 
 82.270560 -128.013107 -26.711041 97.750524 24.785210 -113.078597 28.672165 6.015819 -0.364213 14.229943 -81.876784 96.178122 
 17.805643 -31.852208 -4.940566 18.852307 8.802228 -31.234555 6.483975 -2.330693 -1.009232 11.051133 -29.315445 37.638769 
 0.677591 0.764935 -4.734423 6.693556 -1.964034 -12.930312 2.397090 10.400635 -10.406447 3.286848 -5.910961 11.718625 
 -4.344343 4.270938 5.904552 -13.329216 8.903865 -2.069275 3.661324 -5.580391 -5.714712 6.474876 3.492199 -1.671003 
 23.446450 -43.243323 -2.393259 25.942783 11.980740 -35.996516 7.003598 -18.915357 23.430632 -3.661772 -10.619873 22.973628 
 -5.770607 32.406367 -25.958744 45.837716 -51.636229 61.135952 -33.988764 72.129063 -63.895339 -32.386047 -27.407240 29.634996 
 18.950467 -31.366627 -8.300383 17.997658 6.726414 -13.324576 4.967701 -7.071530 -0.176343 2.324908 -9.681423 18.926819 
 55.581299 -84.705271 -23.639486 105.558441 -24.385172 -47.642671 1.449453 36.913848 -37.568917 0.452736 -85.135099 103.064763 
 
 14
21.724918 -24.903696 21.009543 -16.324129 14.940417 -5.807220 28.241929 -42.207514 28.074145 -33.714236 -3.985469 12.925115 
 5.595288 -1.354520 21.314009 -31.636541 36.534899 -26.447201 44.442734 -41.607683 -12.433999 -16.626470 15.211802 7.054583 
 3.063363 8.706775 -13.964550 -7.598237 28.110744 -7.852521 -7.568635 -5.414493 -6.112502 3.077163 0.866186 4.686961 
 -4.836950 7.807862 -4.686859 0.563746 3.966742 0.315367 -4.033807 1.988699 -7.171872 6.140304 -5.547932 5.511351 
 -3.490712 3.132602 -38.925188 52.312195 -66.590158 39.210147 -47.878089 64.471562 26.581662 25.557811 -38.779208 -15.652729 
 -4.902090 1.518431 -10.728127 14.759835 -21.173161 8.764688 -13.994838 13.023037 13.724389 -6.063603 8.430240 -3.387687 
 1.790518 -4.488627 5.567877 -1.737319 -12.547427 2.483882 9.956757 -9.872451 3.388578 -5.026116 10.607099 -0.128918 
 -2.304537 4.328642 -6.111978 7.450287 -4.524123 3.104860 -2.734493 -9.138401 5.822636 -2.180945 5.455495 0.826551 
 -7.755439 6.111940 -13.008700 19.825710 -22.747684 10.006838 -34.274689 41.908308 -0.141631 19.998126 -15.488130 -4.460902 
 23.672139 -28.052032 55.424400 -53.567022 57.875168 -34.727917 75.909280 -68.443038 -33.252419 -34.942898 39.101150 1.097911 
 -2.683736 -1.426102 -13.484667 13.067069 -2.616279 7.395054 -19.485627 14.758139 5.170043 15.065409 -12.159689 -3.605500 
 -0.578987 -3.477372 13.221479 -5.788172 -16.235473 8.568825 0.503577 6.233587 8.797455 -12.553189 11.888724 -10.574852 
 
 15
-6.919908 -12.567978 12.928231 -19.912063 22.921537 -23.978022 7.973651 28.311496 -8.633206 -15.239320 -13.580131 28.646602 
 3.277234 12.666064 -24.102548 27.558585 -19.048063 30.993400 -28.683442 -12.372869 -10.166810 12.313354 0.228114 7.377979 
 11.242614 -18.699212 -3.473453 23.196304 -3.801568 -14.932009 1.661397 -6.079033 6.613762 -0.720684 0.949538 4.039369 
 3.803857 2.789017 -5.949153 11.726481 -6.080955 7.592717 -9.183899 -7.224717 0.556132 -3.042316 11.412617 -6.378030 
 0.243007 -33.530026 47.611991 -60.990139 34.594074 -39.487503 56.408564 26.543525 21.527847 -36.970964 -11.393925 -4.602872 
 -2.539497 -3.151573 8.159225 -13.308920 2.282226 -2.211737 1.699975 13.670832 -11.722979 10.969600 2.593054 -6.463924 
 -3.006445 2.800495 0.673594 -15.419889 4.851641 5.652908 -5.736634 3.408140 -2.958995 9.679582 -2.313420 2.360987 
 2.420957 -2.550140 4.347254 -0.827040 0.057369 2.804898 -14.461521 5.797458 -4.841492 6.649281 3.638176 -3.038776 
 -0.307977 -1.022077 9.383099 -10.305921 -0.248856 -15.633025 23.994458 -0.226361 11.044610 -11.470690 5.001035 -10.226366 
 -8.456343 18.837301 -21.692750 19.898833 -3.424180 19.008814 -13.764098 -32.993794 -7.613836 26.838608 -27.783020 31.214219 
 -3.647686 -9.336748 9.453448 1.689139 3.846116 -13.034759 8.559128 5.140722 11.967084 -10.769471 -0.331238 -3.538790 
 -3.956654 14.116347 -6.567771 -15.306626 7.803180 1.895281 4.896218 8.791129 -13.221619 12.188649 -9.868466 -0.763455 
 
 16
-15.438940 12.398620 -10.516085 12.448709 -20.952359 -0.905695 32.587224 -9.465531 -21.561056 -0.035088 12.533871 8.840142 
 14.025737 -23.851726 23.108697 -14.088183 29.560461 -24.478228 -14.397832 -9.772624 15.307297 -6.186751 15.008888 -4.186647 
 -14.034826 -2.613005 7.930876 13.213392 -19.847734 16.087465 -13.025709 7.966021 9.550093 -21.056780 30.217349 -14.362374 
 4.367178 -5.658026 6.561534 -0.324065 5.929516 -4.302943 -9.575075 1.013659 0.432728 3.966938 2.479102 -4.859406 
 -33.429207 47.630589 -61.320099 34.961850 -39.593755 56.720381 26.393374 21.557076 -36.748963 -11.869588 -4.037040 -0.310440 
 -4.205171 7.964866 -9.860744 -1.561136 -1.101366 -1.558605 15.239957 -12.028429 8.649623 7.563871 -12.377043 3.244193 
 1.553168 0.443497 -11.337683 0.301584 6.967448 -9.594382 5.265786 -3.320609 6.933021 3.571402 -4.639399 3.840716 
 -1.545723 4.532540 -4.114260 3.721329 1.746358 -11.355047 4.301578 -4.550299 8.860965 -1.100611 2.598326 -3.092758 
 -1.149852 9.359528 -9.887745 -0.714958 -15.498366 23.599275 -0.036066 11.007567 -11.752045 5.603869 -10.943477 0.393438 
 15.328896 -22.339952 31.381012 -16.222302 22.706270 -24.614936 -27.768721 -8.630963 19.113250 -11.230555 11.523960 10.802929 
 -10.850116 9.174274 6.642035 -1.674419 -11.439843 3.878564 7.394584 11.528340 -14.101844 6.808752 -12.032283 4.659898 
 12.474793 -6.870592 -9.934208 1.815043 3.625291 -0.180801 11.235898 -13.697525 8.574016 -2.123702 -9.976368 5.054603 
 
 17
-4.445583 6.396185 5.793740 3.901650 -12.624246 9.490517 -8.600238 -21.202621 0.782080 19.929908 15.653670 -15.065334 
 -8.549357 7.744491 -8.042377 6.981462 -13.832334 6.584718 -10.558713 14.981671 -6.929119 8.289847 -10.376499 13.686329 
 -17.925291 23.305039 7.163667 2.745896 5.434672 -34.021857 8.752619 9.875930 -20.313930 36.940744 -8.168511 -13.695199 
 -0.893345 1.777598 1.558411 -1.100881 -0.988143 -3.041762 0.768896 0.331338 3.735788 0.387001 -6.786733 4.261497 
 11.158632 -24.700759 20.552159 14.221457 31.346756 -23.616834 23.430655 -35.972862 -10.100213 11.977249 14.442570 -32.620256 
 3.376938 -5.254276 -3.373779 5.668228 -4.750437 8.949007 -11.792745 8.747251 7.786447 -10.362552 5.100023 -4.103410 
 2.138035 -13.039068 0.971078 4.467118 -8.415488 7.589330 -3.407658 6.896963 3.489194 -5.383446 3.155270 1.515583 
 2.846125 -2.421030 3.055044 4.234703 -12.528290 1.989172 -4.463668 8.896851 -1.018797 3.338806 -2.410599 -1.508318 
 8.105016 -8.628163 -1.210603 -13.647304 22.726508 -1.756249 11.072012 -11.725349 5.664729 -10.392640 0.900892 -1.122027 
 -5.615809 14.589287 -9.614767 -1.970589 -12.979911 -4.836640 -9.490089 18.757370 -12.041899 4.180639 4.037966 14.957953 
 -2.663427 18.527572 -6.351371 6.026958 -4.356952 -8.837227 12.136448 -13.849944 7.383037 -6.834526 9.448282 -10.587555 
 6.739666 -23.599464 7.192314 -16.456958 9.287886 29.898231 -14.396689 8.284398 -2.783980 -15.952428 -0.450785 12.172916 
 
 18
-32.929269 4.715015 -36.852623 59.393698 77.555790 -30.407024 -0.995365 39.340777 -94.110852 -31.949915 -43.771934 89.815419 
 -67.882782 -10.116886 -71.393590 124.666275 137.481895 -52.495616 53.842499 67.223593 -211.023364 -101.923549 -41.519692 172.725154 
 -135.261386 2.814078 -161.581751 295.822365 240.428040 -79.175777 91.354769 135.160808 -422.889560 -200.113663 -129.444730 362.149912 
 -6.124896 1.341640 -9.290497 13.483943 10.636030 -3.613202 4.392009 11.484201 -22.529617 -16.352727 -1.507127 18.048508 
 74.008066 23.259812 116.516688 -149.421828 -194.464017 78.166761 -86.694070 -106.884440 298.225169 133.929911 39.434723 -225.441120 
 24.617983 -2.554362 36.625842 -59.456448 -42.754489 4.772047 -6.602512 -21.503371 76.264678 41.260486 17.702594 -68.225263 
 5.873910 1.489874 24.067264 -43.051421 -25.145625 7.079983 -2.821409 -15.055024 49.462720 26.049489 15.321584 -43.195357 
 22.755678 3.745659 30.326161 -58.635189 -41.587171 9.497343 -4.040118 -25.704616 76.349301 28.065885 16.870050 -57.501091 
 63.068488 0.756087 60.654315 -108.573830 -125.850228 50.829303 -48.566440 -64.633999 197.522075 87.689912 51.214739 -163.748006 
 -35.087939 -10.977448 -53.452746 77.995558 81.145682 -37.037149 44.283850 36.666733 -139.879452 -56.096470 -21.305181 113.457831 
 -5.033002 -6.997655 -18.389647 38.790270 31.941879 -0.928383 -1.743420 30.484233 -75.158358 -19.071866 -27.786185 53.810002 
 36.019357 8.827700 45.328004 -99.893939 -73.291200 18.663193 -22.350538 -61.240368 156.937517 71.717984 55.693167 -136.163445 
 
 19
25.718596 -37.314662 59.678373 12.673983 -6.480085 -55.971726 0.386170 5.125208 13.107627 -24.295102 -18.220175 25.594495 
 33.181416 -72.346072 125.253125 3.729836 -3.170890 -59.489757 -13.080256 -6.450957 -9.038666 -1.368740 -49.987249 52.762347 
 89.089098 -163.479640 296.991706 -26.082675 19.107331 -134.468002 -24.850459 -15.264144 -15.033770 -49.441035 -81.620767 105.132819 
 5.248339 -9.376438 13.536893 -1.432088 0.837246 -5.833680 4.238583 -4.071554 -7.971953 2.115595 -2.046281 4.760616 
 -23.945437 117.555115 -150.061631 -48.643075 24.391304 36.864524 -19.334513 75.193529 32.663723 -4.339180 17.367347 -57.523266 
 -18.256678 36.971263 -59.669271 5.751272 -13.115778 34.497919 7.619166 2.075613 7.575383 3.141678 12.542349 -19.134493 
 -2.256736 24.149683 -43.102201 -13.572035 2.811906 6.985251 -8.106317 31.761032 18.012143 11.847315 -23.924012 -4.565536 
 -10.768806 30.645452 -58.831913 3.249218 -7.037300 33.951141 1.214855 7.772503 -3.071002 3.410641 17.156600 -17.687003 
 -39.471470 61.539246 -109.119060 -1.583958 5.002721 56.728214 9.974645 7.458086 1.392490 13.911321 43.169478 -49.020405 
 11.403016 -53.945074 78.298894 12.010566 -11.541686 -14.296472 -4.841532 -34.137999 -8.085193 -0.551551 -1.660006 27.272335 
 -3.787409 -18.460266 38.833780 22.025162 2.728678 -10.146161 24.530302 -59.990841 -12.185146 -24.809292 37.297540 3.911934 
 -14.146859 45.833401 -100.205328 -2.320875 -7.509054 37.784813 -18.630256 48.389130 22.432235 34.388627 -17.989775 -27.996286 
 
 20
-6.934598 -3.386714 31.292336 -16.333834 -21.411394 11.148139 -8.740688 12.335244 -13.015425 14.210891 -6.382207 7.161010 
 -33.150558 43.888304 27.750717 -15.883923 -14.900978 0.804536 -24.340351 -10.035173 13.183985 -8.145589 11.506896 9.238936 
 -58.243236 78.534529 38.411215 -15.026009 -14.751168 12.428951 -63.295546 -17.709302 -10.368284 30.720299 -5.634332 24.805706 
 -3.176843 0.667336 2.367320 -1.173588 1.218973 6.434755 -6.901137 -8.129572 4.417414 4.571857 -1.764801 1.461332 
 89.269593 -91.344541 -65.977793 33.565690 4.686940 -29.354502 88.103446 33.382855 -14.841184 -12.827772 -27.751184 -6.667297 
 15.405581 -14.901703 -7.465207 -6.120967 9.964820 -0.020357 11.918499 8.123669 -4.865347 -10.479263 3.564583 -5.083336 
 21.483916 -37.568414 -15.205744 3.676545 3.952678 -9.050650 32.977726 18.079917 10.857555 -26.769748 -1.759668 -0.628359 
 17.924811 -32.425507 -4.546598 -2.911371 19.480152 -3.291361 13.578385 -2.747592 -1.312348 3.577170 -4.297824 -2.998435 
 14.913614 -12.330272 -30.158371 20.125706 3.686938 -6.542226 28.738692 2.577901 -3.400100 -6.603919 0.055659 -10.990320 
 -40.475273 50.337328 20.265503 -15.910604 1.026761 -0.069930 -40.285809 -8.427650 4.449591 12.719160 13.094623 3.175022 
 -22.934139 48.120961 19.283360 4.179774 -15.235634 22.945458 -57.948901 -12.071402 -26.470376 32.521630 8.620933 -1.054555 
 29.122439 -65.515530 -12.562150 -2.088867 18.774438 -24.550021 56.016253 22.857095 28.184089 -35.828919 -10.407072 -3.939010 
 
 21
4.431438 19.146830 -1.347983 -32.942405 21.739559 -17.140492 11.467118 -33.582121 33.717731 -17.615754 1.967130 10.148008 
 81.262654 -30.310366 55.755312 -70.024495 51.436377 -64.495263 -14.185209 -85.134248 85.106046 -42.194609 -15.590189 48.512128 
 144.198675 -63.598089 110.839167 -111.599371 101.385591 -133.844947 -25.000628 -183.106615 194.556968 -99.984159 -18.817348 85.232451 
 4.248948 -3.196717 5.691654 -4.063555 11.286842 -10.749213 -8.527273 -5.004496 13.508231 -6.911056 -0.918062 4.648954 
 -191.988186 90.372191 -159.348264 153.126487 -165.698627 196.234738 44.558292 249.915402 -263.940753 116.859094 60.193896 -130.636047 
 -32.270146 19.516684 -39.412836 35.581578 -23.549763 30.579113 10.052256 40.824670 -53.814752 28.520510 6.455146 -22.544342 
 -61.789648 22.421961 -42.750767 39.676631 -41.863679 59.000961 20.769435 74.574753 -87.203430 33.042721 15.462678 -31.439304 
 -52.634161 26.847563 -41.647363 49.285943 -30.668463 35.290515 -0.503630 51.849223 -46.844845 24.739073 10.426901 -26.230953 
 -29.144065 -4.038130 -12.103008 28.485640 -29.320235 46.803391 4.444899 40.830833 -48.555516 24.214633 0.179687 -21.824403 
 95.969653 -50.624351 71.557534 -66.276462 61.749168 -89.313069 -13.494648 -115.592351 126.575024 -52.472390 -27.140173 59.231028 
 73.977193 -20.884318 53.741055 -53.371051 57.973455 -85.728775 -14.942469 -94.488657 97.034749 -28.530711 -18.231780 33.561542 
 -98.348529 38.443940 -65.023230 67.199905 -69.029596 91.291948 26.502860 114.555690 -117.749563 36.769172 17.873132 -42.617427 
 
 22
25.648807 -11.859258 -18.401276 21.171032 -22.512962 0.875812 -28.231440 37.141070 -9.903427 10.316180 10.459793 -14.740615 
 88.921329 -136.997943 196.627256 41.010868 -163.014329 -208.406064 12.985281 147.882411 99.232211 137.512699 54.229576 -270.309890 
 147.975760 -231.196967 361.567912 82.885770 -308.664722 -369.640984 -8.995809 305.952156 150.974418 252.860140 95.377928 -479.658565 
 3.037503 -4.386759 9.878759 10.741728 -15.900440 -18.682421 0.125841 16.790594 0.483672 7.087168 4.947900 -14.133586 
 -191.320271 296.043555 -476.855228 -141.067699 428.992296 503.417412 18.101776 -412.253907 -217.270760 -301.521412 -144.143881 638.624301 
 -27.831317 37.131251 -70.308281 -19.409698 69.701939 87.179140 1.860504 -78.743823 -27.641379 -54.343417 -24.814793 107.342539 
 -68.238189 103.812939 -163.077240 -33.936439 133.911859 168.449060 -0.032350 -134.936667 -74.493927 -100.952097 -35.786677 205.535409 
 -50.379305 83.199727 -123.425512 -23.915817 99.101727 125.294031 -11.703207 -87.505359 -66.863670 -88.738481 -29.934168 175.080847 
 -46.799424 57.026083 -67.146430 -25.581227 82.136301 74.100330 5.641213 -71.069652 -26.506728 -54.729182 -23.874910 96.944027 
 90.186021 -156.080405 248.634200 49.436840 -205.662218 -242.865795 0.284953 200.712721 114.550002 153.671436 65.983225 -319.230854 
 87.657870 -121.731245 189.374505 48.482627 -175.415287 -191.750795 -5.165861 154.183010 100.216736 121.144938 38.766402 -246.075732 
 -105.856810 168.257351 -255.516696 -56.412072 210.525135 261.559612 -4.193956 -193.724969 -134.393337 -167.420396 -49.536996 327.143882 
 
 23
42.204098 -106.555191 14.125229 30.801268 92.062981 -46.276865 -15.614721 -55.796148 -46.584641 -2.995526 84.680922 10.052187 
 50.433211 -108.991766 16.583917 21.819695 107.728887 -49.576039 -35.015572 -59.872335 -59.755606 7.581603 74.372625 34.849722 
 80.710960 -147.018808 42.236393 -1.078728 156.445503 -113.105352 1.587969 -113.794635 -75.417988 17.750105 93.934494 57.994119 
 2.015785 -0.561016 9.907317 -9.586613 -7.883428 -2.011219 10.542901 -4.951251 0.348593 3.354431 -2.359424 1.190447 
 -107.227283 180.704826 -88.511457 31.309355 -176.768377 152.706699 -18.736492 125.053461 122.914726 -43.777605 -102.983507 -74.981541 
 -21.532469 25.346835 -11.764353 11.851089 -11.767336 21.441452 -21.498932 22.156450 7.399214 -10.214533 -0.538985 -10.907548 
 -40.021647 71.454664 -15.191208 -7.929691 -74.152764 47.977180 5.419166 47.602832 50.431515 0.010956 -58.973803 -26.743662 
 -22.991345 49.726129 -10.076473 -5.617915 -53.815519 23.741561 16.117398 23.278667 23.025933 -3.505273 -20.202622 -19.744473 
 -41.619205 93.701303 -12.725287 -15.142114 -92.281953 38.567326 25.189822 57.230225 49.093412 0.675986 -84.462880 -18.341459 
 34.016505 -61.331517 24.662474 -18.199375 77.765414 -63.166152 15.213454 -46.817423 -46.402536 18.671798 30.353939 35.345375 
 63.036749 -111.902058 24.402752 6.792480 119.892279 -66.838265 -26.116225 -56.627136 -73.320434 -7.218761 93.709281 34.354552 
 -54.870936 108.308889 -27.332894 -9.511388 -114.784710 70.282458 24.006784 55.013409 67.418574 5.995299 -83.185020 -41.487014 
 
 24
-24.600459 -5.783429 27.135376 3.171774 7.314830 -2.334672 -7.814099 0.631727 -7.436854 27.724302 -8.208461 -9.820802 
 -11.057194 -7.206605 17.439014 1.505340 14.465165 -19.146129 -2.534566 -3.332814 2.274288 6.310390 13.028546 -11.735699 
 9.711116 4.163149 -8.089367 -13.549711 -10.616794 26.984685 -22.033942 14.878420 9.256524 -14.989135 23.072525 -18.781265 
 3.353369 8.956424 -9.761706 -12.129119 0.548469 11.177193 -2.659495 2.603778 3.142301 -5.079830 0.318268 -0.469069 
 -27.516262 -37.929845 40.623229 49.076105 16.547129 -52.476902 3.146228 2.952847 -32.493591 41.725275 -28.587004 24.951556 
 -16.466349 -1.606985 13.721422 33.584828 -5.900952 -28.274394 -2.323921 -16.690507 -7.948574 28.520199 -1.590993 5.010559 
 -6.262038 3.687937 -4.453369 10.141716 -2.843190 -7.174148 2.102022 5.656791 4.222616 -4.962513 -9.427306 9.312950 
 5.080001 0.769081 -3.620863 -5.390637 -5.453357 8.882883 -2.860308 -2.695926 -1.085789 10.825391 -9.796699 5.350036 
 12.882356 6.907463 -11.527026 -4.622661 -14.281658 12.093817 9.913144 2.531400 5.055763 -28.295603 -0.333881 9.684699 
 4.724000 8.616095 -21.154084 6.119097 -19.971243 25.917174 -8.143888 -8.346141 15.092087 -15.553099 20.627293 -7.915567 
 10.506905 -5.333154 1.317042 -12.877120 13.207190 -6.280921 15.039658 -2.797274 -13.852405 8.637918 7.080143 -14.668515 
 1.756846 -1.448993 -4.745241 0.785673 0.606132 6.740956 -7.369633 6.031020 11.769617 -9.133844 -17.745745 12.768348 
 
 